103
105
106
108
109
110
113
115
116
119
120
121
122
124
126
127
129
136
138
140
142
144
147
154
158
161
163
168
171
172
176
178
183
185
186
187
188
18
191
192
194
195
196
199
19
200
201
20
212
214
216
219
222
223
225
227
229
230
235
236
238
239
241
245
247
254
263
265
266
267
280
282
286
288
290
291
295
301
306
307
30
311
313
317
318
320
321
325
326
328
330
333
348
349
352
354
359
362
371
372
379
381
384
386
388
389
390
392
400
40
41
43
45
47
48
52
59
62
63
65
6
71
72
73
81
82
84
87
88
91
96
97
98
